110	45	0.193135	0.0384171
115	45	0.193135	0.0384171
118	64	0.194716	0.0386575
120	84	0.192875	0.0383047
122	74	0.200112	0.0359643
124	65	0.222673	0.04414
126	54	0.236126	0.0467195
128	46	0.237608	0.041714
130	36	0.252219	0.0461255
135	45	0.258896	0.0468853
140	47	0.258937	0.0468368
150	71	0.164197	0.0371022
160	27	0.26371         0.036583
170	30	0.274788	0.0386409
180	38	0.212244	0.0285241
190	76	0.142438	0.0615517
200	109	0.17145         0.0747958
250	137	0.0968189	0.0537978
300	104	0.100197	0.0380673
350	71	0.0901843	0.0127687
400	42	0.152709	0.0502534
450	16	0.279609	0.110512
500	9	0.466079	0.278226
550	5	0.313216	0.296094
600	3	0.311892	0.311892
