110	43	0.230817	0.245398
115	43	0.230817	0.245398
118	55	0.216345	0.230069
120	64	0.201165	0.213997
122	52	0.273504	0.270009
124	46	0.308781	0.325645
126	38	0.35821         0.304403
128	28	0.351683	0.278116
130	25	0.615924	0.313908
135	27	0.677132	0.33983
140	29	0.649257	0.300744
150	34	0.848472	0.478334
160	10	1.21451         0.745782
170	9	1.63307         0.990111
180	13	0.72639         0.656793
190	34	0.536851	0.390222
200	45	0.059654	0.084920
250	75	0.00400899	0.006922
300	50	0.0143502	0.037201
350	35	0.264396	0.264759
400	22	0.01            0.01
450	9	0.01            0.01
500	8	0.01            0.01
550	7	0.01            0.01
600	6	0.01            0.01
