110	9	0.391624	0.225122
115	9	0.391624	0.225122
120	12	0.370996	0.213342
125	9	0.446152	0.276101
130	8	0.892384	0.556655
135	8	0.873482	0.544929
140	6	0.726956	0.445861
145     35      0.329247        0.0819381
150     58      0.162977        0.0432184
155     64      0.158998        0.0446733
160     22      0.414661        0.098306
170     24      0.344606        0.0801786
180     35      0.264255        0.0254846
190     71      0.178523        0.0193853
200     89      0.124615        0.012957
250     113     0.0710642       0.00511609
300     82      0.0630804       0.0510794
350     58      0.081988        0.0367586
400     33      0.0795039       0.128042
450     15      0.120984        0.314684
500     8       0.182914        0.278515
550     7       0.101085        1.3513
600     3       0.308753        1.43439
700	0	0     	        0
800	0	0     	        0
900	0	0     	        0
1000	0	0     	        0
