110	37	0.307319	0.0348771
115	37	0.307319	0.0348771
120	45	0.257089	0.0330218
125	32	0.444466	0.0804918
130	19	0.75434		0.312143
135	20	0.7744		0.315628
140	17	0.745037	0.313486
145     32      0.62402 	0.27929
150     27      0.186139        0.117757
155     29      0.133569        0.147504
160     13      0.294942        0.305872
170     8       0.0685465       0.331141
180     10      0.0675754       0.165477
190     22      0.0866834       0.0621725
200     35      0.0433003       0.021669
250     68      0.0144933       0.00472501
300     36      0.0128483       0.0132218
350     15      0.130362        0.130362
400     10      0.64455       	0.64455
450	7	0               0
500	6	0               0
550	4	0               0
600	2	0               0
700	2	0               0
800	1	0               0
900	0	0               0
1000	0	0               0

