110   209    0.00138    0.00045
115   209    0.00138    0.00045
120   209    0.00177    0.00057
125   209    0.00221    0.00071
130   209    0.00278    0.00090
135   209    0.00304    0.00098
140   209    0.00307    0.00099
145   209    0.00307    0.00099
150   209    0.00318    0.00103
155   209    0.00361    0.00117
160   209    0.00296    0.00096
170   209    0.00256    0.00083
180   209    0.00314    0.00102
190   209    0.00479    0.00155
200   209    0.00534    0.00172
250   209    0.00515    0.00167
300   209    0.00404    0.00131
350   209    0.00351    0.00113
400   209    0.00306    0.00099
450   209    0.00177    0.00057
500   209    0.00129    0.00042
550   209    0.00085    0.00027
600   209    0.00068    0.00022
700   209    0.00068    0.00022
800   209    0.00071    0.00023
900   209    0.00071    0.00023
1000   209    0.00071    0.00023
