110   209    0.00038    0.00012
115   209    0.00038    0.00012
120   209    0.00090    0.00029
125   209    0.00110    0.00036
130   209    0.00142    0.00046
135   209    0.00170    0.00055
140   209    0.00181    0.00058
145   209    0.00203    0.00066
150   209    0.00280    0.00090
155   209    0.00311    0.00100
160   209    0.00297    0.00096
170   209    0.00298    0.00096
180   209    0.00346    0.00112
190   209    0.00520    0.00168
200   209    0.00530    0.00171
250   209    0.00350    0.00113
300   209    0.00304    0.00098
350   209    0.00287    0.00093
400   209    0.00219    0.00071
450   209    0.00161    0.00052
500   209    0.00151    0.00049
550   209    0.00130    0.00042
600   209    0.00115    0.00037
700   209    0.00115    0.00037
800   209    0.00115    0.00037
900   209    0.00115    0.00037
1000   209    0.00115    0.00037
