110   259    0.00308    0.00035
115   259    0.00308    0.00035
120   259    0.00457    0.00053
125   259    0.00509    0.00059
130   259    0.00646    0.00074
135   259    0.00736    0.00085
140   259    0.00702    0.00081
145   259    0.00861    0.00099
150   259    0.01137    0.00131
155   259    0.01238    0.00143
160   259    0.01091    0.00126
170   259    0.01084    0.00125
180   259    0.01378    0.00159
190   259    0.01785    0.00206
200   259    0.01780    0.00204
250   259    0.01004    0.00115
300   259    0.00791    0.00091
350   259    0.00672    0.00077
400   259    0.00563    0.00065
450   259    0.00435    0.00050
500   259    0.00395    0.00046
550   259    0.00318    0.00037
600   259    0.00277    0.00032
700   259    0.00281    0.00032
800   259    0.00281    0.00032
900   259    0.00281    0.00032
1000   259    0.00281    0.00032
