110   259    0.00525    0.00060
115   259    0.00525    0.00060
120   259    0.00749    0.00086
125   259    0.00888    0.00102
130   259    0.01077    0.00124
135   259    0.01241    0.00143
140   259    0.01246    0.00143
145   259    0.01246    0.00143
150   259    0.01373    0.00158
155   259    0.01474    0.00169
160   259    0.01270    0.00146
170   259    0.01186    0.00136
180   259    0.01387    0.00160
190   259    0.01884    0.00216
200   259    0.02066    0.00238
250   259    0.01548    0.00178
300   259    0.01086    0.00125
350   259    0.00992    0.00114
400   259    0.00850    0.00098
450   259    0.00612    0.00070
500   259    0.00502    0.00058
550   259    0.00435    0.00050
600   259    0.00376    0.00043
700   259    0.00377    0.00043
800   259    0.00378    0.00044
900   259    0.00378    0.00044
1000   259    0.00378    0.00044
