110   110.00000    0.00190    0.00242
115   110.00000    0.00190    0.00242
120   110.00000    0.00657    0.00363
125   110.00000    0.00657    0.00363
130   110.00000    0.00693    0.00382
135   110.00000    0.00952    0.00438
140   110.00000    0.01063    0.00459
145   110.00000    0.01510    0.00587
150   110.00000    0.01543    0.00614
155   110.00000    0.01594    0.00623
160   110.00000    0.01578    0.00632
170   110.00000    0.01449    0.00607
180   110.00000    0.04643    0.01066
190   110.00000    0.06686    0.01163
200   110.00000    0.07389    0.01232
250   110.00000    0.09221    0.01379
300   110.00000    0.10642    0.01396
350   110.00000    0.12678    0.01635
400   110.00000    0.12352    0.01546
450   110.00000    0.09105    0.01287
500   110.00000    0.07940    0.01218
550   110.00000    0.06639    0.01114
600   110.00000    0.04665    0.00983
700   110.00000    0.04674    0.00984
800   110.00000    0.04674    0.00984
900   110.00000    0.04674    0.00984
1000   110.00000    0.04674    0.00984
