110   550.00000    0.01054    0.00191
115   550.00000    0.01054    0.00191
120   550.00000    0.01785    0.00253
125   550.00000    0.02009    0.00270
130   550.00000    0.02657    0.00315
135   550.00000    0.02708    0.00319
140   550.00000    0.02367    0.00297
145   550.00000    0.02367    0.00297
150   550.00000    0.02045    0.00273
155   550.00000    0.02197    0.00283
160   550.00000    0.01690    0.00239
170   550.00000    0.01569    0.00236
180   550.00000    0.02092    0.00276
190   550.00000    0.03667    0.00381
200   550.00000    0.04555    0.00434
250   550.00000    0.08606    0.00647
300   550.00000    0.08179    0.00625
350   550.00000    0.06933    0.00561
400   550.00000    0.06193    0.00523
450   550.00000    0.03602    0.00377
500   550.00000    0.03002    0.00340
550   550.00000    0.02255    0.00289
600   550.00000    0.01795    0.00254
700   550.00000    0.01835    0.00257
800   550.00000    0.01835    0.00257
900   550.00000    0.01835    0.00257
1000   550.00000    0.01835    0.00257
