110   550.00000    0.00924    0.00194
115   550.00000    0.00924    0.00194
120   550.00000    0.01318    0.00231
125   550.00000    0.01353    0.00235
130   550.00000    0.01534    0.00249
135   550.00000    0.01568    0.00252
140   550.00000    0.01341    0.00234
145   550.00000    0.01154    0.00217
150   550.00000    0.01397    0.00232
155   550.00000    0.01536    0.00242
160   550.00000    0.01442    0.00235
170   550.00000    0.01257    0.00219
180   550.00000    0.01708    0.00254
190   550.00000    0.03111    0.00354
200   550.00000    0.03363    0.00369
250   550.00000    0.05496    0.00469
300   550.00000    0.05206    0.00458
350   550.00000    0.04692    0.00436
400   550.00000    0.04212    0.00414
450   550.00000    0.02957    0.00347
500   550.00000    0.02332    0.00307
550   550.00000    0.01514    0.00246
600   550.00000    0.01352    0.00233
700   550.00000    0.01352    0.00233
800   550.00000    0.01352    0.00233
900   550.00000    0.01352    0.00233
1000   550.00000    0.01352    0.00233
