110   110.00000    0.03032    0.00865
115   110.00000    0.03032    0.00865
120   110.00000    0.03520    0.00950
125   110.00000    0.04532    0.01121
130   110.00000    0.05470    0.01272
135   110.00000    0.05630    0.01298
140   110.00000    0.05512    0.01279
145   110.00000    0.05512    0.01279
150   110.00000    0.03871    0.01004
155   110.00000    0.03930    0.01014
160   110.00000    0.02874    0.00837
170   110.00000    0.01725    0.00617
180   110.00000    0.02974    0.00855
190   110.00000    0.05091    0.01213
200   110.00000    0.06907    0.01501
250   110.00000    0.17865    0.03132
300   110.00000    0.20557    0.03524
350   110.00000    0.19430    0.03359
400   110.00000    0.16348    0.02908
450   110.00000    0.09548    0.01905
500   110.00000    0.07537    0.01595
550   110.00000    0.06427    0.01424
600   110.00000    0.05454    0.01266
700   110.00000    0.05454    0.01266
800   110.00000    0.05454    0.01266
900   110.00000    0.05454    0.01266
1000   110.00000    0.05454    0.01266
