110   259    0.09050    0.01041
115   259    0.09050    0.01041
120   259    0.13570    0.01561
125   259    0.15930    0.01832
130   259    0.18830    0.02165
135   259    0.20500    0.02350
140   259    0.19180    0.02208
145   259    0.19180    0.02208
150   259    0.14770    0.01700
155   259    0.15000    0.01726
160   259    0.10140    0.01166
170   259    0.07820    0.00900
180   259    0.09470    0.01090
190   259    0.14750    0.01696
200   259    0.16810    0.01939
250   259    0.17270    0.01983
300   259    0.15100    0.01737
350   259    0.13110    0.01508
400   259    0.10480    0.01206
450   259    0.06320    0.00727
500   259    0.04970    0.00571
550   259    0.04060    0.00467
600   259    0.03290    0.00379
700   259    0.03450    0.00398
800   259    0.03560    0.00410
900   259    0.03580    0.00412
1000   259    0.03590    0.00413
