110   209    0.01062    0.00344
115   209    0.01062    0.00344
120   209    0.01584    0.00510
125   209    0.01879    0.00609
130   209    0.02334    0.00753
135   209    0.02567    0.00831
140   209    0.02486    0.00805
145   209    0.02747    0.00887
150   209    0.02678    0.00865
155   209    0.02910    0.00939
160   209    0.02580    0.00834
170   209    0.02318    0.00748
180   209    0.02870    0.00926
190   209    0.04540    0.01468
200   209    0.04690    0.01516
250   209    0.05670    0.01837
300   209    0.05400    0.01745
350   209    0.04910    0.01587
400   209    0.04150    0.01339
450   209    0.02700    0.00872
500   209    0.02211    0.00715
550   209    0.01852    0.00598
600   209    0.01548    0.00500
700   209    0.01590    0.00514
800   209    0.01597    0.00516
900   209    0.01620    0.00523
1000   209    0.01625    0.00525
