110   209    0.02270    0.00731
115   209    0.02270    0.00731
120   209    0.03170    0.01026
125   209    0.03630    0.01173
130   209    0.04320    0.01397
135   209    0.04690    0.01517
140   209    0.04270    0.01381
145   209    0.04270    0.01381
150   209    0.04170    0.01348
155   209    0.04450    0.01439
160   209    0.03600    0.01164
170   209    0.02780    0.00898
180   209    0.03250    0.01051
190   209    0.05290    0.01707
200   209    0.06300    0.02041
250   209    0.08790    0.02840
300   209    0.08470    0.02740
350   209    0.07850    0.02540
400   209    0.06840    0.02210
450   209    0.04470    0.01443
500   209    0.03810    0.01231
550   209    0.03240    0.01045
600   209    0.02720    0.00877
700   209    0.02740    0.00884
800   209    0.02750    0.00891
900   209    0.02770    0.00893
1000   209    0.02770    0.00894
