110   259    0.06090    0.00700
115   259    0.06090    0.00700
120   259    0.09740    0.01121
125   259    0.11570    0.01331
130   259    0.13690    0.01571
135   259    0.14680    0.01692
140   259    0.13230    0.01522
145   259    0.14080    0.01618
150   259    0.11570    0.01331
155   259    0.11900    0.01369
160   259    0.08560    0.00985
170   259    0.07390    0.00850
180   259    0.08790    0.01011
190   259    0.13350    0.01536
200   259    0.13080    0.01504
250   259    0.11020    0.01268
300   259    0.10680    0.01228
350   259    0.09660    0.01111
400   259    0.08120    0.00935
450   259    0.04480    0.00515
500   259    0.03520    0.00405
550   259    0.02690    0.00310
600   259    0.02137    0.00245
700   259    0.02239    0.00258
800   259    0.02274    0.00261
900   259    0.02290    0.00264
1000   259    0.02290    0.00264
