110	25	0.0795693       0.0954106
115	34	0.0795538	0.095368
120	38	0.0716462	0.0859564
130	46	0.0655954	0.0861936
140	56	0.0633036	0.085862
150	59	0.130278	0.0756592
160	66	0.130192	0.0755312
170	71	0.123915	0.0720276
180	73	0.125527	0.074925
190	73	0.123439	0.0725902
200	76	0.0537432	0.0764312
250	78	0.0688244	0.0617244
300	80	0.0662586	0.0595052
350	80	0.118047	0.057333
400	84	0.0674948	0.0605626
450	84	0.0665948	0.0597866
500	84	0.0661402	0.0593948
550	84	0.0658236	0.059122
600	85	0.0668472	0.0600024
