110	176	0.0595279	0.0714645
115	176	0.0595279	0.0714645
120	176	0.0595279	0.0714645
130	90	0.25775         0.154865
140	90	0.278333	0.165496
150	77	0.373221	0.191516
160	22	0.382154	0.382154
170	21	0.121108	0.438519
180	34	0.506505	0.465075
190	73	0.449098	0.34729
200	92	0.0831912	0.108213
250	153	0.0111046	0.0208895
300	72	0.0329163	0.0840546
350	47	0.473144	0.442707
400	25	0.01            0.01
450	11	0.01            0.01
500	9	0.01            0.01
550	8	0.01            0.01
600	6	0.01            0.01
