110	83	0.10398         0.0203101
115	109	0.102455	0.0200214
118	122	0.10079         0.0197094
120	130	0.10098         0.019739
122	142	0.100637	0.0196711
124	154	0.100392	0.0196218
126	169	0.120322	0.0242991
128	175	0.119529	0.0241433
130	180	0.11942         0.0241352
135	202	0.118508	0.0239513
140	226	0.118547	0.0239374
150	250	0.102413	0.0144483
160	268	0.10043         0.0141817
170	278	0.0991766	0.0140135
180	283	0.100849	0.0177011
190	287	0.108866	0.0188479
200	292	0.129908	0.0272084
250	301	0.138486	0.0307371
300	308	0.137658	0.030002
350	309	0.114809	0.0224911
400	310	0.136378	0.029356
450	310	0.136065	0.0292919
500	312	0.136133	0.0293055
550	312	0.136002	0.0292787
600	312	0.138808	0.03131
