110     45      0.0648322       0.0193521
115	45	0.0648322	0.0193521
118     64      0.0647264       0.0174029
120	84	0.0647324	0.0179806
122	74	0.0669937	0.0205128
124	65	0.0745467	0.0272984
126	54	0.0814098	0.0367527
128	46	0.0893012	0.0466549
130	36	0.114535	0.0527266
135	45	0.110885	0.0510854
140	47	0.117517	0.0526897
150	71	0.0664333	0.0286192
160	27	0.155753	0.0736811
170	30	0.16953         0.0736641
180	38	0.190691	0.0707541
190	76	0.164267	0.0543979
200	109	0.134271	0.0512005
250	137	0.0943839	0.0568051
300	104	0.105996	0.05326
350	71	0.0853296	0.0297412
400	42	0.154928	0.0634529
450	16	0.259864	0.158972
500	9	0.438273	0.3238
550	5	0.333824	0.561121
600	3	0.000256258	0.481082
