110	43	0.0668385	0.0797235
115	43	0.0668385	0.0797235
118	55	0.0626475	0.0747395
120	64	0.058252	0.069514
122	52	0.0791995	0.0924415
124	46	0.116633	0.101545
126	38	0.138622	0.10532
128	28	0.1397          0.112816
130	25	0.245969	0.143186
135	27	0.270413	0.155576
140	29	0.259281	0.145952
150	34	0.19387         0.195216
160	10	0.170169	0.163722
170	9	0.214015	0.183932
180	13	0.0870855	0.099462
190	34	0.0821885	0.041243
200	45	0.029827	0.041245
250	75	0.00200449	0.003952
300	50	0.0071751	0.019339
350	35	0.0850185	0.049570
400	22	0.005           0.005
450	9	0.005           0.005
500	8	0.005           0.005
550	7	0.005           0.005
600	6	0.005           0.005
