110     43      0.133677        0.161592
115	43	0.133677	0.161592
118	55	0.125295	0.149479
120	64	0.116504	0.140686
122	52	0.158399	0.184883
124	46	0.233266	0.20309
126	38	0.277244	0.21064
128	28	0.2794          0.225632
130	25	0.491938	0.336587
135	27	0.540825	0.311152
140	29	0.518561	0.341102
150	34	0.387739	0.431832
160	10	0.340338	0.345742
170	9	0.42803         0.39864
180	13	0.174171	0.207068
190	34	0.164377	0.0863066
200	45	0.059654	0.0882945
250	75	0.00400899	0.00878712
300	50	0.0143502	0.0449509
350	35	0.170037	0.11734
400	22	0.01            0.01
450	9	0.01            0.01
500	8	0.01            0.01
550	7	0.01            0.01
600	6	0.01            0.01
